"listing_id,""contact_date"""
1244,15925
1085,158247
1288,157937
1231,158516
1215,158357
1095,158667
1233,158839
1220,158407
1188,158851
1257,158141
1263,15808
1170,159176
1017,158216
1057,158538
1035,159285
1136,158961
1037,158803
1241,158485
1110,158089
1270,158263
1118,158994
1223,159055
1191,158722
1069,159127
1185,158166
1229,158752
1083,158159
1126,159067
1244,158713
1272,157986
1132,15915
1059,158257
1068,158179
1236,158923
1086,158486
1229,158063
1084,15829
1286,159188
1056,159194
1224,158366
1065,158503
1255,158435
1228,158102
1222,158241
1030,158612
1080,158627
1200,158133
1081,158097
1228,158376
1024,157978
1175,158606
1095,159039
1091,158149
1299,158658
1135,158119
1095,159168
1293,158799
1169,158999
1233,158253
1242,158386